{"cells":[{"cell_type":"code","execution_count":1,"metadata":{"executionInfo":{"elapsed":1982,"status":"ok","timestamp":1719011979065,"user":{"displayName":"Kylie Trousil","userId":"16813790667997979199"},"user_tz":420},"id":"znmOmtt-2Y9a"},"outputs":[],"source":["import pandas as pd\n","import numpy as np\n","import plotly.express as px\n","import matplotlib.pyplot as plt"]},{"cell_type":"code","execution_count":3,"metadata":{"colab":{"base_uri":"https://localhost:8080/"},"executionInfo":{"elapsed":1812,"status":"ok","timestamp":1719011987459,"user":{"displayName":"Kylie Trousil","userId":"16813790667997979199"},"user_tz":420},"id":"L0TKNacT2ddv","outputId":"23ade52f-c5b7-401a-d998-da46aaff072c"},"outputs":[{"output_type":"stream","name":"stdout","text":["Drive already mounted at /content/drive; to attempt to forcibly remount, call drive.mount(\"/content/drive\", force_remount=True).\n"]}],"source":["# # Only for use in Google Colab\n","from google.colab import drive\n","drive.mount('/content/drive')\n","data_path = \"/content/drive/MyDrive/REU/Classificiation-Academic-Success/data/train.csv/train.csv\"\n","data = pd.read_csv(data_path)"]},{"cell_type":"code","execution_count":null,"metadata":{"colab":{"base_uri":"https://localhost:8080/","height":1000},"executionInfo":{"elapsed":1185,"status":"ok","timestamp":1718989289926,"user":{"displayName":"Kylie Trousil","userId":"16813790667997979199"},"user_tz":420},"id":"FcEkGulO27qv","outputId":"f13247c5-7907-490e-e0fa-147808472c18","cellView":"form","collapsed":true},"outputs":[{"name":"stdout","output_type":"stream","text":["<class 'pandas.core.frame.DataFrame'>\n","RangeIndex: 76518 entries, 0 to 76517\n","Data columns (total 38 columns):\n"," #   Column                                          Non-Null Count  Dtype  \n","---  ------                                          --------------  -----  \n"," 0   id                                              76518 non-null  int64  \n"," 1   Marital status                                  76518 non-null  int64  \n"," 2   Application mode                                76518 non-null  int64  \n"," 3   Application order                               76518 non-null  int64  \n"," 4   Course                                          76518 non-null  int64  \n"," 5   Daytime/evening attendance                      76518 non-null  int64  \n"," 6   Previous qualification                          76518 non-null  int64  \n"," 7   Previous qualification (grade)                  76518 non-null  float64\n"," 8   Nacionality                                     76518 non-null  int64  \n"," 9   Mother's qualification                          76518 non-null  int64  \n"," 10  Father's qualification                          76518 non-null  int64  \n"," 11  Mother's occupation                             76518 non-null  int64  \n"," 12  Father's occupation                             76518 non-null  int64  \n"," 13  Admission grade                                 76518 non-null  float64\n"," 14  Displaced                                       76518 non-null  int64  \n"," 15  Educational special needs                       76518 non-null  int64  \n"," 16  Debtor                                          76518 non-null  int64  \n"," 17  Tuition fees up to date                         76518 non-null  int64  \n"," 18  Gender                                          76518 non-null  int64  \n"," 19  Scholarship holder                              76518 non-null  int64  \n"," 20  Age at enrollment                               76518 non-null  int64  \n"," 21  International                                   76518 non-null  int64  \n"," 22  Curricular units 1st sem (credited)             76518 non-null  int64  \n"," 23  Curricular units 1st sem (enrolled)             76518 non-null  int64  \n"," 24  Curricular units 1st sem (evaluations)          76518 non-null  int64  \n"," 25  Curricular units 1st sem (approved)             76518 non-null  int64  \n"," 26  Curricular units 1st sem (grade)                76518 non-null  float64\n"," 27  Curricular units 1st sem (without evaluations)  76518 non-null  int64  \n"," 28  Curricular units 2nd sem (credited)             76518 non-null  int64  \n"," 29  Curricular units 2nd sem (enrolled)             76518 non-null  int64  \n"," 30  Curricular units 2nd sem (evaluations)          76518 non-null  int64  \n"," 31  Curricular units 2nd sem (approved)             76518 non-null  int64  \n"," 32  Curricular units 2nd sem (grade)                76518 non-null  float64\n"," 33  Curricular units 2nd sem (without evaluations)  76518 non-null  int64  \n"," 34  Unemployment rate                               76518 non-null  float64\n"," 35  Inflation rate                                  76518 non-null  float64\n"," 36  GDP                                             76518 non-null  float64\n"," 37  Target                                          76518 non-null  object \n","dtypes: float64(7), int64(30), object(1)\n","memory usage: 22.2+ MB\n","None\n"]},{"data":{"text/html":["<div>\n","<style scoped>\n","    .dataframe tbody tr th:only-of-type {\n","        vertical-align: middle;\n","    }\n","\n","    .dataframe tbody tr th {\n","        vertical-align: top;\n","    }\n","\n","    .dataframe thead th {\n","        text-align: right;\n","    }\n","</style>\n","<table border=\"1\" class=\"dataframe\">\n","  <thead>\n","    <tr style=\"text-align: right;\">\n","      <th></th>\n","      <th>id</th>\n","      <th>Marital status</th>\n","      <th>Application mode</th>\n","      <th>Application order</th>\n","      <th>Course</th>\n","      <th>Daytime/evening attendance</th>\n","      <th>Previous qualification</th>\n","      <th>Previous qualification (grade)</th>\n","      <th>Nacionality</th>\n","      <th>Mother's qualification</th>\n","      <th>...</th>\n","      <th>Curricular units 2nd sem (credited)</th>\n","      <th>Curricular units 2nd sem (enrolled)</th>\n","      <th>Curricular units 2nd sem (evaluations)</th>\n","      <th>Curricular units 2nd sem (approved)</th>\n","      <th>Curricular units 2nd sem (grade)</th>\n","      <th>Curricular units 2nd sem (without evaluations)</th>\n","      <th>Unemployment rate</th>\n","      <th>Inflation rate</th>\n","      <th>GDP</th>\n","      <th>Target</th>\n","    </tr>\n","  </thead>\n","  <tbody>\n","    <tr>\n","      <th>0</th>\n","      <td>0</td>\n","      <td>1</td>\n","      <td>1</td>\n","      <td>1</td>\n","      <td>9238</td>\n","      <td>1</td>\n","      <td>1</td>\n","      <td>126.0</td>\n","      <td>1</td>\n","      <td>1</td>\n","      <td>...</td>\n","      <td>0</td>\n","      <td>6</td>\n","      <td>7</td>\n","      <td>6</td>\n","      <td>12.428571</td>\n","      <td>0</td>\n","      <td>11.1</td>\n","      <td>0.6</td>\n","      <td>2.02</td>\n","      <td>Graduate</td>\n","    </tr>\n","    <tr>\n","      <th>1</th>\n","      <td>1</td>\n","      <td>1</td>\n","      <td>17</td>\n","      <td>1</td>\n","      <td>9238</td>\n","      <td>1</td>\n","      <td>1</td>\n","      <td>125.0</td>\n","      <td>1</td>\n","      <td>19</td>\n","      <td>...</td>\n","      <td>0</td>\n","      <td>6</td>\n","      <td>9</td>\n","      <td>0</td>\n","      <td>0.000000</td>\n","      <td>0</td>\n","      <td>11.1</td>\n","      <td>0.6</td>\n","      <td>2.02</td>\n","      <td>Dropout</td>\n","    </tr>\n","    <tr>\n","      <th>2</th>\n","      <td>2</td>\n","      <td>1</td>\n","      <td>17</td>\n","      <td>2</td>\n","      <td>9254</td>\n","      <td>1</td>\n","      <td>1</td>\n","      <td>137.0</td>\n","      <td>1</td>\n","      <td>3</td>\n","      <td>...</td>\n","      <td>0</td>\n","      <td>6</td>\n","      <td>0</td>\n","      <td>0</td>\n","      <td>0.000000</td>\n","      <td>0</td>\n","      <td>16.2</td>\n","      <td>0.3</td>\n","      <td>-0.92</td>\n","      <td>Dropout</td>\n","    </tr>\n","    <tr>\n","      <th>3</th>\n","      <td>3</td>\n","      <td>1</td>\n","      <td>1</td>\n","      <td>3</td>\n","      <td>9500</td>\n","      <td>1</td>\n","      <td>1</td>\n","      <td>131.0</td>\n","      <td>1</td>\n","      <td>19</td>\n","      <td>...</td>\n","      <td>0</td>\n","      <td>8</td>\n","      <td>11</td>\n","      <td>7</td>\n","      <td>12.820000</td>\n","      <td>0</td>\n","      <td>11.1</td>\n","      <td>0.6</td>\n","      <td>2.02</td>\n","      <td>Enrolled</td>\n","    </tr>\n","    <tr>\n","      <th>4</th>\n","      <td>4</td>\n","      <td>1</td>\n","      <td>1</td>\n","      <td>2</td>\n","      <td>9500</td>\n","      <td>1</td>\n","      <td>1</td>\n","      <td>132.0</td>\n","      <td>1</td>\n","      <td>19</td>\n","      <td>...</td>\n","      <td>0</td>\n","      <td>7</td>\n","      <td>12</td>\n","      <td>6</td>\n","      <td>12.933333</td>\n","      <td>0</td>\n","      <td>7.6</td>\n","      <td>2.6</td>\n","      <td>0.32</td>\n","      <td>Graduate</td>\n","    </tr>\n","  </tbody>\n","</table>\n","<p>5 rows × 38 columns</p>\n","</div>"],"text/plain":["   id  Marital status  Application mode  Application order  Course   \n","0   0               1                 1                  1    9238  \\\n","1   1               1                17                  1    9238   \n","2   2               1                17                  2    9254   \n","3   3               1                 1                  3    9500   \n","4   4               1                 1                  2    9500   \n","\n","   Daytime/evening attendance  Previous qualification   \n","0                           1                       1  \\\n","1                           1                       1   \n","2                           1                       1   \n","3                           1                       1   \n","4                           1                       1   \n","\n","   Previous qualification (grade)  Nacionality  Mother's qualification  ...   \n","0                           126.0            1                       1  ...  \\\n","1                           125.0            1                      19  ...   \n","2                           137.0            1                       3  ...   \n","3                           131.0            1                      19  ...   \n","4                           132.0            1                      19  ...   \n","\n","   Curricular units 2nd sem (credited)  Curricular units 2nd sem (enrolled)   \n","0                                    0                                    6  \\\n","1                                    0                                    6   \n","2                                    0                                    6   \n","3                                    0                                    8   \n","4                                    0                                    7   \n","\n","   Curricular units 2nd sem (evaluations)   \n","0                                       7  \\\n","1                                       9   \n","2                                       0   \n","3                                      11   \n","4                                      12   \n","\n","   Curricular units 2nd sem (approved)  Curricular units 2nd sem (grade)   \n","0                                    6                         12.428571  \\\n","1                                    0                          0.000000   \n","2                                    0                          0.000000   \n","3                                    7                         12.820000   \n","4                                    6                         12.933333   \n","\n","   Curricular units 2nd sem (without evaluations)  Unemployment rate   \n","0                                               0               11.1  \\\n","1                                               0               11.1   \n","2                                               0               16.2   \n","3                                               0               11.1   \n","4                                               0                7.6   \n","\n","   Inflation rate   GDP    Target  \n","0             0.6  2.02  Graduate  \n","1             0.6  2.02   Dropout  \n","2             0.3 -0.92   Dropout  \n","3             0.6  2.02  Enrolled  \n","4             2.6  0.32  Graduate  \n","\n","[5 rows x 38 columns]"]},"execution_count":3,"metadata":{},"output_type":"execute_result"}],"source":["# @title\n","# read in data\n","data_path = \"data\\\\train.csv\\\\train.csv\"\n","data = pd.read_csv(data_path)\n","\n","print(data.info())\n","data.head(5)"]},{"cell_type":"code","execution_count":4,"metadata":{"executionInfo":{"elapsed":169,"status":"ok","timestamp":1719011989209,"user":{"displayName":"Kylie Trousil","userId":"16813790667997979199"},"user_tz":420},"id":"J_OvTM_93fv2"},"outputs":[],"source":["labels = data['Target']\n","data = data.drop(['Target'], axis=1)\n","data = data.drop(['id'], axis=1)"]},{"cell_type":"markdown","metadata":{"id":"-NoKumbC40Bm"},"source":["# Preprocessing"]},{"cell_type":"code","execution_count":5,"metadata":{"executionInfo":{"elapsed":467,"status":"ok","timestamp":1719011995791,"user":{"displayName":"Kylie Trousil","userId":"16813790667997979199"},"user_tz":420},"id":"4rawzgOq41yQ"},"outputs":[],"source":["data.dropna(inplace=True)\n","data.drop_duplicates(inplace=True)\n","\n","# # normalize\n","# norm_features = ['']\n","# data = (data - data.min()) / (data.max() - data.min())\n"]},{"cell_type":"code","execution_count":null,"metadata":{"colab":{"base_uri":"https://localhost:8080/","height":1000},"executionInfo":{"elapsed":1399,"status":"ok","timestamp":1718989297416,"user":{"displayName":"Kylie Trousil","userId":"16813790667997979199"},"user_tz":420},"id":"SvmYUr1WvWqZ","outputId":"46114473-9f51-40c1-c732-b46b1c12b0a8","cellView":"form"},"outputs":[{"data":{"application/vnd.plotly.v1+json":{"config":{"plotlyServerURL":"https://plot.ly"},"data":[{"coloraxis":"coloraxis","hovertemplate":"x: %{x}<br>y: %{y}<br>Correlation: %{z}<extra></extra>","name":"0","type":"heatmap","x":["Marital status","Application mode","Application order","Course","Daytime/evening attendance","Previous qualification","Previous qualification (grade)","Nacionality","Mother's qualification","Father's qualification","Mother's occupation","Father's occupation","Admission grade","Displaced","Educational special needs","Debtor","Tuition fees up to date","Gender","Scholarship holder","Age at enrollment","International","Curricular units 1st sem (credited)","Curricular units 1st sem (enrolled)","Curricular units 1st sem (evaluations)","Curricular units 1st sem (approved)","Curricular units 1st sem (grade)","Curricular units 1st sem (without evaluations)","Curricular units 2nd sem (credited)","Curricular units 2nd sem (enrolled)","Curricular units 2nd sem (evaluations)","Curricular units 2nd sem (approved)","Curricular units 2nd sem (grade)","Curricular units 2nd sem (without evaluations)","Unemployment rate","Inflation rate","GDP"],"xaxis":"x","y":["Marital status","Application mode","Application order","Course","Daytime/evening attendance","Previous qualification","Previous qualification (grade)","Nacionality","Mother's qualification","Father's qualification","Mother's occupation","Father's occupation","Admission grade","Displaced","Educational special needs","Debtor","Tuition fees up to date","Gender","Scholarship holder","Age at enrollment","International","Curricular units 1st sem (credited)","Curricular units 1st sem (enrolled)","Curricular units 1st sem (evaluations)","Curricular units 1st sem (approved)","Curricular units 1st sem (grade)","Curricular units 1st sem (without evaluations)","Curricular units 2nd sem (credited)","Curricular units 2nd sem (enrolled)","Curricular units 2nd sem (evaluations)","Curricular units 2nd sem (approved)","Curricular units 2nd sem (grade)","Curricular units 2nd sem (without evaluations)","Unemployment rate","Inflation rate","GDP"],"yaxis":"y","z":[[1,0,0,0,0,0,0,0,0,0,0,0,0,0,0,0,0,0,0,0,0,0,0,0,0,0,0,0,0,0,0,0,0,0,0,0],[0,1,0,0,0,0,0,0,0,0,0,0,0,0,0,0,0,0,0,0,0,0,0,0,0,0,0,0,0,0,0,0,0,0,0,0],[0,0,1,0,0,0,0,0,0,0,0,0,0,0,0,0,0,0,0,0,0,0,0,0,0,0,0,0,0,0,0,0,0,0,0,0],[0,0,0,1,0,0,0,0,0,0,0,0,0,0,0,0,0,0,0,0,0,0,0,0,0,0,0,0,0,0,0,0,0,0,0,0],[0,0,0,0,1,0,0,0,0,0,0,0,0,0,0,0,0,0,0,0,0,0,0,0,0,0,0,0,0,0,0,0,0,0,0,0],[0,0,0,0,0,1,0,0,0,0,0,0,0,0,0,0,0,0,0,0,0,0,0,0,0,0,0,0,0,0,0,0,0,0,0,0],[0,0,0,0,0,0,1,0,0,0,0,0,0,0,0,0,0,0,0,0,0,0,0,0,0,0,0,0,0,0,0,0,0,0,0,0],[0,0,0,0,0,0,0,1,0,0,0,0,0,0,0,0,0,0,0,0,0.8169366845260979,0,0,0,0,0,0,0,0,0,0,0,0,0,0,0],[0,0,0,0,0,0,0,0,1,0,0,0,0,0,0,0,0,0,0,0,0,0,0,0,0,0,0,0,0,0,0,0,0,0,0,0],[0,0,0,0,0,0,0,0,0,1,0,0,0,0,0,0,0,0,0,0,0,0,0,0,0,0,0,0,0,0,0,0,0,0,0,0],[0,0,0,0,0,0,0,0,0,0,1,0.8950522875645862,0,0,0,0,0,0,0,0,0,0,0,0,0,0,0,0,0,0,0,0,0,0,0,0],[0,0,0,0,0,0,0,0,0,0,0.8950522875645862,1,0,0,0,0,0,0,0,0,0,0,0,0,0,0,0,0,0,0,0,0,0,0,0,0],[0,0,0,0,0,0,0,0,0,0,0,0,1,0,0,0,0,0,0,0,0,0,0,0,0,0,0,0,0,0,0,0,0,0,0,0],[0,0,0,0,0,0,0,0,0,0,0,0,0,1,0,0,0,0,0,0,0,0,0,0,0,0,0,0,0,0,0,0,0,0,0,0],[0,0,0,0,0,0,0,0,0,0,0,0,0,0,1,0,0,0,0,0,0,0,0,0,0,0,0,0,0,0,0,0,0,0,0,0],[0,0,0,0,0,0,0,0,0,0,0,0,0,0,0,1,0,0,0,0,0,0,0,0,0,0,0,0,0,0,0,0,0,0,0,0],[0,0,0,0,0,0,0,0,0,0,0,0,0,0,0,0,1,0,0,0,0,0,0,0,0,0,0,0,0,0,0,0,0,0,0,0],[0,0,0,0,0,0,0,0,0,0,0,0,0,0,0,0,0,1,0,0,0,0,0,0,0,0,0,0,0,0,0,0,0,0,0,0],[0,0,0,0,0,0,0,0,0,0,0,0,0,0,0,0,0,0,1,0,0,0,0,0,0,0,0,0,0,0,0,0,0,0,0,0],[0,0,0,0,0,0,0,0,0,0,0,0,0,0,0,0,0,0,0,1,0,0,0,0,0,0,0,0,0,0,0,0,0,0,0,0],[0,0,0,0,0,0,0,0.8169366845260979,0,0,0,0,0,0,0,0,0,0,0,0,1,0,0,0,0,0,0,0,0,0,0,0,0,0,0,0],[0,0,0,0,0,0,0,0,0,0,0,0,0,0,0,0,0,0,0,0,0,1,0,0,0,0,0,0.9339352235159387,0,0,0,0,0,0,0,0],[0,0,0,0,0,0,0,0,0,0,0,0,0,0,0,0,0,0,0,0,0,0,1,0,0,0,0,0,0.9563207275685442,0,0,0,0,0,0,0],[0,0,0,0,0,0,0,0,0,0,0,0,0,0,0,0,0,0,0,0,0,0,0,1,0,0,0,0,0,0.7866991800896532,0,0,0,0,0,0],[0,0,0,0,0,0,0,0,0,0,0,0,0,0,0,0,0,0,0,0,0,0,0,0,1,0.8398601823988966,0,0,0,0,0.9226568693320767,0.8304297773348425,0,0,0,0],[0,0,0,0,0,0,0,0,0,0,0,0,0,0,0,0,0,0,0,0,0,0,0,0,0.8398601823988966,1,0,0,0,0,0.7875594625498273,0.8893926874052023,0,0,0,0],[0,0,0,0,0,0,0,0,0,0,0,0,0,0,0,0,0,0,0,0,0,0,0,0,0,0,1,0,0,0,0,0,0,0,0,0],[0,0,0,0,0,0,0,0,0,0,0,0,0,0,0,0,0,0,0,0,0,0.9339352235159387,0,0,0,0,0,1,0,0,0,0,0,0,0,0],[0,0,0,0,0,0,0,0,0,0,0,0,0,0,0,0,0,0,0,0,0,0,0.9563207275685442,0,0,0,0,0,1,0,0,0,0,0,0,0],[0,0,0,0,0,0,0,0,0,0,0,0,0,0,0,0,0,0,0,0,0,0,0,0.7866991800896532,0,0,0,0,0,1,0,0,0,0,0,0],[0,0,0,0,0,0,0,0,0,0,0,0,0,0,0,0,0,0,0,0,0,0,0,0,0.9226568693320767,0.7875594625498273,0,0,0,0,1,0.8593698811677394,0,0,0,0],[0,0,0,0,0,0,0,0,0,0,0,0,0,0,0,0,0,0,0,0,0,0,0,0,0.8304297773348425,0.8893926874052023,0,0,0,0,0.8593698811677394,1,0,0,0,0],[0,0,0,0,0,0,0,0,0,0,0,0,0,0,0,0,0,0,0,0,0,0,0,0,0,0,0,0,0,0,0,0,1,0,0,0],[0,0,0,0,0,0,0,0,0,0,0,0,0,0,0,0,0,0,0,0,0,0,0,0,0,0,0,0,0,0,0,0,0,1,0,0],[0,0,0,0,0,0,0,0,0,0,0,0,0,0,0,0,0,0,0,0,0,0,0,0,0,0,0,0,0,0,0,0,0,0,1,0],[0,0,0,0,0,0,0,0,0,0,0,0,0,0,0,0,0,0,0,0,0,0,0,0,0,0,0,0,0,0,0,0,0,0,0,1]]}],"layout":{"coloraxis":{"colorbar":{"title":{"text":"Correlation"}},"colorscale":[[0,"#0d0887"],[0.1111111111111111,"#46039f"],[0.2222222222222222,"#7201a8"],[0.3333333333333333,"#9c179e"],[0.4444444444444444,"#bd3786"],[0.5555555555555556,"#d8576b"],[0.6666666666666666,"#ed7953"],[0.7777777777777778,"#fb9f3a"],[0.8888888888888888,"#fdca26"],[1,"#f0f921"]]},"height":1000,"margin":{"t":60},"template":{"data":{"bar":[{"error_x":{"color":"#2a3f5f"},"error_y":{"color":"#2a3f5f"},"marker":{"line":{"color":"#E5ECF6","width":0.5},"pattern":{"fillmode":"overlay","size":10,"solidity":0.2}},"type":"bar"}],"barpolar":[{"marker":{"line":{"color":"#E5ECF6","width":0.5},"pattern":{"fillmode":"overlay","size":10,"solidity":0.2}},"type":"barpolar"}],"carpet":[{"aaxis":{"endlinecolor":"#2a3f5f","gridcolor":"white","linecolor":"white","minorgridcolor":"white","startlinecolor":"#2a3f5f"},"baxis":{"endlinecolor":"#2a3f5f","gridcolor":"white","linecolor":"white","minorgridcolor":"white","startlinecolor":"#2a3f5f"},"type":"carpet"}],"choropleth":[{"colorbar":{"outlinewidth":0,"ticks":""},"type":"choropleth"}],"contour":[{"colorbar":{"outlinewidth":0,"ticks":""},"colorscale":[[0,"#0d0887"],[0.1111111111111111,"#46039f"],[0.2222222222222222,"#7201a8"],[0.3333333333333333,"#9c179e"],[0.4444444444444444,"#bd3786"],[0.5555555555555556,"#d8576b"],[0.6666666666666666,"#ed7953"],[0.7777777777777778,"#fb9f3a"],[0.8888888888888888,"#fdca26"],[1,"#f0f921"]],"type":"contour"}],"contourcarpet":[{"colorbar":{"outlinewidth":0,"ticks":""},"type":"contourcarpet"}],"heatmap":[{"colorbar":{"outlinewidth":0,"ticks":""},"colorscale":[[0,"#0d0887"],[0.1111111111111111,"#46039f"],[0.2222222222222222,"#7201a8"],[0.3333333333333333,"#9c179e"],[0.4444444444444444,"#bd3786"],[0.5555555555555556,"#d8576b"],[0.6666666666666666,"#ed7953"],[0.7777777777777778,"#fb9f3a"],[0.8888888888888888,"#fdca26"],[1,"#f0f921"]],"type":"heatmap"}],"heatmapgl":[{"colorbar":{"outlinewidth":0,"ticks":""},"colorscale":[[0,"#0d0887"],[0.1111111111111111,"#46039f"],[0.2222222222222222,"#7201a8"],[0.3333333333333333,"#9c179e"],[0.4444444444444444,"#bd3786"],[0.5555555555555556,"#d8576b"],[0.6666666666666666,"#ed7953"],[0.7777777777777778,"#fb9f3a"],[0.8888888888888888,"#fdca26"],[1,"#f0f921"]],"type":"heatmapgl"}],"histogram":[{"marker":{"pattern":{"fillmode":"overlay","size":10,"solidity":0.2}},"type":"histogram"}],"histogram2d":[{"colorbar":{"outlinewidth":0,"ticks":""},"colorscale":[[0,"#0d0887"],[0.1111111111111111,"#46039f"],[0.2222222222222222,"#7201a8"],[0.3333333333333333,"#9c179e"],[0.4444444444444444,"#bd3786"],[0.5555555555555556,"#d8576b"],[0.6666666666666666,"#ed7953"],[0.7777777777777778,"#fb9f3a"],[0.8888888888888888,"#fdca26"],[1,"#f0f921"]],"type":"histogram2d"}],"histogram2dcontour":[{"colorbar":{"outlinewidth":0,"ticks":""},"colorscale":[[0,"#0d0887"],[0.1111111111111111,"#46039f"],[0.2222222222222222,"#7201a8"],[0.3333333333333333,"#9c179e"],[0.4444444444444444,"#bd3786"],[0.5555555555555556,"#d8576b"],[0.6666666666666666,"#ed7953"],[0.7777777777777778,"#fb9f3a"],[0.8888888888888888,"#fdca26"],[1,"#f0f921"]],"type":"histogram2dcontour"}],"mesh3d":[{"colorbar":{"outlinewidth":0,"ticks":""},"type":"mesh3d"}],"parcoords":[{"line":{"colorbar":{"outlinewidth":0,"ticks":""}},"type":"parcoords"}],"pie":[{"automargin":true,"type":"pie"}],"scatter":[{"fillpattern":{"fillmode":"overlay","size":10,"solidity":0.2},"type":"scatter"}],"scatter3d":[{"line":{"colorbar":{"outlinewidth":0,"ticks":""}},"marker":{"colorbar":{"outlinewidth":0,"ticks":""}},"type":"scatter3d"}],"scattercarpet":[{"marker":{"colorbar":{"outlinewidth":0,"ticks":""}},"type":"scattercarpet"}],"scattergeo":[{"marker":{"colorbar":{"outlinewidth":0,"ticks":""}},"type":"scattergeo"}],"scattergl":[{"marker":{"colorbar":{"outlinewidth":0,"ticks":""}},"type":"scattergl"}],"scattermapbox":[{"marker":{"colorbar":{"outlinewidth":0,"ticks":""}},"type":"scattermapbox"}],"scatterpolar":[{"marker":{"colorbar":{"outlinewidth":0,"ticks":""}},"type":"scatterpolar"}],"scatterpolargl":[{"marker":{"colorbar":{"outlinewidth":0,"ticks":""}},"type":"scatterpolargl"}],"scatterternary":[{"marker":{"colorbar":{"outlinewidth":0,"ticks":""}},"type":"scatterternary"}],"surface":[{"colorbar":{"outlinewidth":0,"ticks":""},"colorscale":[[0,"#0d0887"],[0.1111111111111111,"#46039f"],[0.2222222222222222,"#7201a8"],[0.3333333333333333,"#9c179e"],[0.4444444444444444,"#bd3786"],[0.5555555555555556,"#d8576b"],[0.6666666666666666,"#ed7953"],[0.7777777777777778,"#fb9f3a"],[0.8888888888888888,"#fdca26"],[1,"#f0f921"]],"type":"surface"}],"table":[{"cells":{"fill":{"color":"#EBF0F8"},"line":{"color":"white"}},"header":{"fill":{"color":"#C8D4E3"},"line":{"color":"white"}},"type":"table"}]},"layout":{"annotationdefaults":{"arrowcolor":"#2a3f5f","arrowhead":0,"arrowwidth":1},"autotypenumbers":"strict","coloraxis":{"colorbar":{"outlinewidth":0,"ticks":""}},"colorscale":{"diverging":[[0,"#8e0152"],[0.1,"#c51b7d"],[0.2,"#de77ae"],[0.3,"#f1b6da"],[0.4,"#fde0ef"],[0.5,"#f7f7f7"],[0.6,"#e6f5d0"],[0.7,"#b8e186"],[0.8,"#7fbc41"],[0.9,"#4d9221"],[1,"#276419"]],"sequential":[[0,"#0d0887"],[0.1111111111111111,"#46039f"],[0.2222222222222222,"#7201a8"],[0.3333333333333333,"#9c179e"],[0.4444444444444444,"#bd3786"],[0.5555555555555556,"#d8576b"],[0.6666666666666666,"#ed7953"],[0.7777777777777778,"#fb9f3a"],[0.8888888888888888,"#fdca26"],[1,"#f0f921"]],"sequentialminus":[[0,"#0d0887"],[0.1111111111111111,"#46039f"],[0.2222222222222222,"#7201a8"],[0.3333333333333333,"#9c179e"],[0.4444444444444444,"#bd3786"],[0.5555555555555556,"#d8576b"],[0.6666666666666666,"#ed7953"],[0.7777777777777778,"#fb9f3a"],[0.8888888888888888,"#fdca26"],[1,"#f0f921"]]},"colorway":["#636efa","#EF553B","#00cc96","#ab63fa","#FFA15A","#19d3f3","#FF6692","#B6E880","#FF97FF","#FECB52"],"font":{"color":"#2a3f5f"},"geo":{"bgcolor":"white","lakecolor":"white","landcolor":"#E5ECF6","showlakes":true,"showland":true,"subunitcolor":"white"},"hoverlabel":{"align":"left"},"hovermode":"closest","mapbox":{"style":"light"},"paper_bgcolor":"white","plot_bgcolor":"#E5ECF6","polar":{"angularaxis":{"gridcolor":"white","linecolor":"white","ticks":""},"bgcolor":"#E5ECF6","radialaxis":{"gridcolor":"white","linecolor":"white","ticks":""}},"scene":{"xaxis":{"backgroundcolor":"#E5ECF6","gridcolor":"white","gridwidth":2,"linecolor":"white","showbackground":true,"ticks":"","zerolinecolor":"white"},"yaxis":{"backgroundcolor":"#E5ECF6","gridcolor":"white","gridwidth":2,"linecolor":"white","showbackground":true,"ticks":"","zerolinecolor":"white"},"zaxis":{"backgroundcolor":"#E5ECF6","gridcolor":"white","gridwidth":2,"linecolor":"white","showbackground":true,"ticks":"","zerolinecolor":"white"}},"shapedefaults":{"line":{"color":"#2a3f5f"}},"ternary":{"aaxis":{"gridcolor":"white","linecolor":"white","ticks":""},"baxis":{"gridcolor":"white","linecolor":"white","ticks":""},"bgcolor":"#E5ECF6","caxis":{"gridcolor":"white","linecolor":"white","ticks":""}},"title":{"x":0.05},"xaxis":{"automargin":true,"gridcolor":"white","linecolor":"white","ticks":"","title":{"standoff":15},"zerolinecolor":"white","zerolinewidth":2},"yaxis":{"automargin":true,"gridcolor":"white","linecolor":"white","ticks":"","title":{"standoff":15},"zerolinecolor":"white","zerolinewidth":2}}},"width":1000,"xaxis":{"anchor":"y","constrain":"domain","domain":[0,1],"scaleanchor":"y"},"yaxis":{"anchor":"x","autorange":"reversed","constrain":"domain","domain":[0,1]}}}},"metadata":{},"output_type":"display_data"}],"source":["# @title\n","## PCA\n","corr_matrix = abs(data.corr())\n","\n","threshold = 0.7\n","high_corr = corr_matrix[corr_matrix >= threshold].fillna(0)\n","\n","heat_map = px.imshow(high_corr,\n","                     labels=dict(color=\"Correlation\"),\n","                     x=corr_matrix.columns,\n","                     y=corr_matrix.columns,\n","                     width = 1000,\n","                     height = 1000)\n","\n","heat_map.show()"]},{"cell_type":"code","execution_count":6,"metadata":{"executionInfo":{"elapsed":193,"status":"ok","timestamp":1719011997094,"user":{"displayName":"Kylie Trousil","userId":"16813790667997979199"},"user_tz":420},"id":"KYBaXpfEvWqa"},"outputs":[],"source":["remove_columns = [\"Father's occupation\",\n","                  \"Nacionality\",\n","                  \"Curricular units 1st sem (credited)\",\n","                  \"Curricular units 1st sem (grade)\",\n","                  \"Curricular units 1st sem (enrolled)\",\n","                  \"Curricular units 1st sem (evaluations)\",\n","                  \"Curricular units 1st sem (approved)\",\n","                  \"Curricular units 2nd sem (grade)\"]\n","reduced_data = data.drop(columns=remove_columns)"]},{"cell_type":"code","execution_count":null,"metadata":{"colab":{"base_uri":"https://localhost:8080/","height":917},"executionInfo":{"elapsed":483,"status":"ok","timestamp":1718989303756,"user":{"displayName":"Kylie Trousil","userId":"16813790667997979199"},"user_tz":420},"id":"FrkMgr9lvWqb","outputId":"efd779e7-7f25-4796-dd03-07ae8419586f","cellView":"form"},"outputs":[{"data":{"application/vnd.plotly.v1+json":{"config":{"plotlyServerURL":"https://plot.ly"},"data":[{"coloraxis":"coloraxis","hovertemplate":"x: %{x}<br>y: %{y}<br>Correlation: %{z}<extra></extra>","name":"0","type":"heatmap","x":["Marital status","Application mode","Application order","Course","Daytime/evening attendance","Previous qualification","Previous qualification (grade)","Mother's qualification","Father's qualification","Mother's occupation","Admission grade","Displaced","Educational special needs","Debtor","Tuition fees up to date","Gender","Scholarship holder","Age at enrollment","International","Curricular units 1st sem (without evaluations)","Curricular units 2nd sem (credited)","Curricular units 2nd sem (enrolled)","Curricular units 2nd sem (evaluations)","Curricular units 2nd sem (approved)","Curricular units 2nd sem (without evaluations)","Unemployment rate","Inflation rate","GDP"],"xaxis":"x","y":["Marital status","Application mode","Application order","Course","Daytime/evening attendance","Previous qualification","Previous qualification (grade)","Mother's qualification","Father's qualification","Mother's occupation","Admission grade","Displaced","Educational special needs","Debtor","Tuition fees up to date","Gender","Scholarship holder","Age at enrollment","International","Curricular units 1st sem (without evaluations)","Curricular units 2nd sem (credited)","Curricular units 2nd sem (enrolled)","Curricular units 2nd sem (evaluations)","Curricular units 2nd sem (approved)","Curricular units 2nd sem (without evaluations)","Unemployment rate","Inflation rate","GDP"],"yaxis":"y","z":[[1,0.3073239636901511,0.11395145954629546,0.02314149780065597,0.3235870292103645,0.08406379607804385,0.03771727629462251,0.19837285483528325,0.1448195794899415,0.06969521049285278,0.037387772164614995,0.21612192465487481,0.011644083005156111,0.04914527094128708,0.11019294643731624,0.0317000152923378,0.07563247904160735,0.5524035401550241,0.0042857803806236805,0.02351110336752483,0.037268148941970516,0.005177109252272439,0.021254357755813604,0.11136902876600208,0.025688520546485162,0.03448054013194462,0.019522903672045334,0.046165496180262874],[0.3073239636901511,1,0.23849675031186202,0.0404523000890922,0.3548339354024341,0.45125163382355266,0.060636309926698176,0.16358966413619902,0.10208607632815038,0.06306198416981726,0.07124322843600266,0.32334303929641117,0.012460008010769625,0.15321513767186104,0.21676421211629118,0.24031168407460726,0.20932963793728734,0.5936643955505714,0.005971454077350471,0.03310250450106227,0.15997698144159322,0.013383405391144064,0.04799202771258172,0.27472818173378283,0.043297565773978995,0.09843882665326047,0.005130030215819839,0.06596395093357686],[0.11395145954629546,0.23849675031186202,1,0.054167984194292695,0.1471527154594893,0.15528073208968593,0.013955679244789304,0.062138087437494605,0.0460741255380237,0.03719238198503137,0.035714075124640435,0.3479661857494344,0.006565936873663897,0.059186999942327054,0.06485411086745618,0.12243319868953971,0.09276792032400977,0.24025779096715322,0.01673117883047797,0.018315930317604336,0.06685341007186757,0.15022429882711605,0.005080051595133039,0.16643261710212884,0.019871481466183935,0.06602194383422702,0.004206359400070151,0.03186011660494288],[0.02314149780065597,0.0404523000890922,0.054167984194292695,1,0.04155720349747151,0.01134890152904747,0.0694879518403943,0.01806314303786354,0.02293884995902227,0.015827352385239378,0.08996933621149646,0.07057492164757764,0.014631484410140595,0.020764536258060982,0.01652155686884785,0.10651212583700723,0.04196064247306143,0.023750720443602515,0.01516272446823586,0.01265988547900424,0.06645327353679263,0.6136575731275868,0.32830313843389974,0.24948409387964596,0.01800661285303147,0.00198187500358314,0.007152411148999242,0.024719434999182964],[0.3235870292103645,0.3548339354024341,0.1471527154594893,0.04155720349747151,1,0.05777498175435535,0.067332013201429,0.19959333304958032,0.14777738215616404,0.04020587597989258,0.016647271605132543,0.2437959427163945,0.013246322987702074,0.028340703613549977,0.0995515044775929,0.0769960073055874,0.10542384131031296,0.4913927464764704,0.009798785146437505,0.0238537713467683,0.07157473821956829,0.05932616529742671,0.02361542007866516,0.12097864721371597,0.014665083739557832,0.06386068350197857,0.04527042326360356,0.037907662947771474],[0.08406379607804385,0.45125163382355266,0.15528073208968593,0.01134890152904747,0.05777498175435535,1,0.10528382126520665,0.0012519166487290623,0.002975924537356558,0.01186391410344829,0.1433821506986137,0.12759742870683483,0.009546479844444622,0.09498348461623796,0.07769210653055275,0.112779399370711,0.08135141836574905,0.18688744480701194,0.008984637082862679,0.0038968848011176013,0.12889865132389872,0.027732884331293037,0.08059718291423487,0.06911276454477981,0.001978972324344176,0.13083836996008535,0.046188508024283245,0.013526894338326875],[0.03771727629462251,0.060636309926698176,0.013955679244789304,0.0694879518403943,0.067332013201429,0.10528382126520665,1,0.03449729234603092,0.014051579977699099,0.026451266947677195,0.5614829252767194,0.00818710206711264,0.0037480813884228905,0.041268895146058394,0.07355746801503042,0.06018788610579347,0.0853848666703368,0.10658106503156252,0.015824968232057906,0.0005993275195560062,0.0003201349419349913,0.03007568934738275,0.048591270245780645,0.12182704025020806,0.011396666601323394,0.052112207397263945,0.028678459572131346,0.05373079621309407],[0.19837285483528325,0.16358966413619902,0.062138087437494605,0.01806314303786354,0.19959333304958032,0.0012519166487290623,0.03449729234603092,1,0.5674565846456415,0.1097173728713194,0.04838587327855265,0.08648824160806302,0.01582053777422862,0.028475875623961564,0.07037342499640041,0.02011412625097051,0.03671707463465627,0.2966673423604282,0.02319819031359962,0.014499545739693632,0.017870436853230854,0.00866734390220582,0.0025278045083099087,0.08351625733640168,0.017145310227772423,0.12668621111049508,0.06869597330272101,0.09999221567190612],[0.1448195794899415,0.10208607632815038,0.0460741255380237,0.02293884995902227,0.14777738215616404,0.002975924537356558,0.014051579977699099,0.5674565846456415,1,0.08321144699751494,0.028105791694920612,0.05990492144131638,0.008519650230574664,0.005882707751999362,0.028480612869593577,0.04405753014281652,0.10063127182213731,0.20761428038351615,0.041494101871342046,0.004603058994846296,0.017970999422241087,0.0005771561614841259,0.0216453776777045,0.021592344914241942,0.004241838118088063,0.0996372605457464,0.0641576709371836,0.07047700979164505],[0.06969521049285278,0.06306198416981726,0.03719238198503137,0.015827352385239378,0.04020587597989258,0.01186391410344829,0.026451266947677195,0.1097173728713194,0.08321144699751494,1,0.034579025224201435,0.03825918503664523,0.015839827367585362,0.07227446599315082,0.03525907375090045,0.024918742325814813,0.011593618727571264,0.09892308548998292,0.005959028994166895,0.019537687474865232,0.006257565542451495,0.010710347151087868,0.0016292807776709453,0.04845748150359701,0.028166228029727458,0.07880914899653334,0.040785240650180576,0.06879968026478658],[0.037387772164614995,0.07124322843600266,0.035714075124640435,0.08996933621149646,0.016647271605132543,0.1433821506986137,0.5614829252767194,0.04838587327855265,0.028105791694920612,0.034579025224201435,1,0.029438152679743305,0.0052371658929063186,0.055603295552561896,0.09287599794819114,0.04010536541079401,0.07349042023311093,0.1079034042554483,0.007141995617541011,0.0001314469600835192,0.045671471350837045,0.01652959199326358,0.04824063899776547,0.15423212822989005,0.013064303448093709,0.029367366400137533,0.015949806067090386,0.01883746191975493],[0.21612192465487481,0.32334303929641117,0.3479661857494344,0.07057492164757764,0.2437959427163945,0.12759742870683483,0.00818710206711264,0.08648824160806302,0.05990492144131638,0.03825918503664523,0.029438152679743305,1,0.0018122963960733474,0.08901091238083932,0.12521678399502964,0.1736709071966246,0.08402831290396302,0.3730105603278154,0.00963473651487732,0.014000143837736519,0.05714318341297957,0.0019073642089223763,0.004458843413587983,0.1511544373191476,0.028553439388626877,0.15945528345758878,0.019085621114250547,0.09579853930752652],[0.011644083005156111,0.012460008010769625,0.006565936873663897,0.014631484410140595,0.013246322987702074,0.009546479844444622,0.0037480813884228905,0.01582053777422862,0.008519650230574664,0.015839827367585362,0.0052371658929063186,0.0018122963960733474,1,0.00381376535296406,0.0023739235761384135,0.013049995321880437,0.008063214196276551,0.01721275068870355,0.00291695687611302,0.007118055139537746,0.004632036888333094,0.00854943929562275,0.0004926296879028507,0.0020034898238169094,0.00006551064106705063,0.01994319694103026,0.001557143677418772,0.014951377388749876],[0.04914527094128708,0.15321513767186104,0.059186999942327054,0.020764536258060982,0.028340703613549977,0.09498348461623796,0.041268895146058394,0.028475875623961564,0.005882707751999362,0.07227446599315082,0.055603295552561896,0.08901091238083932,0.00381376535296406,1,0.4753625188822486,0.08877709562934481,0.09390529308347553,0.13608131432906387,0.03929793006276582,0.015461076920543307,0.02339641894469731,0.04043887199298562,0.009322239668763792,0.1948141097678049,0.03393552475968331,0.03487505465272573,0.016464983377719896,0.03617259039109208],[0.11019294643731624,0.21676421211629118,0.06485411086745618,0.01652155686884785,0.0995515044775929,0.07769210653055275,0.07355746801503042,0.07037342499640041,0.028480612869593577,0.03525907375090045,0.09287599794819114,0.12521678399502964,0.0023739235761384135,0.4753625188822486,1,0.17170636881441267,0.16723628600220983,0.24961671318911646,0.014148893594640362,0.05306283495074219,0.013724616754134365,0.09225387995500609,0.1053556597850767,0.3701501334673495,0.04686215042705432,0.001790491398718203,0.0057143789729910965,0.05713294367856605],[0.0317000152923378,0.24031168407460726,0.12243319868953971,0.10651212583700723,0.0769960073055874,0.112779399370711,0.06018788610579347,0.02011412625097051,0.04405753014281652,0.024918742325814813,0.04010536541079401,0.1736709071966246,0.013049995321880437,0.08877709562934481,0.17170636881441267,1,0.22781694789436918,0.19935519137271387,0.005933203462731969,0.006010801986516238,0.0010231524038953363,0.207906284605874,0.07175188534925259,0.3397344304249012,0.04995030454058704,0.003328744975101053,0.009015962644475777,0.04039006401028432],[0.07563247904160735,0.20932963793728734,0.09276792032400977,0.04196064247306143,0.10542384131031296,0.08135141836574905,0.0853848666703368,0.03671707463465627,0.10063127182213731,0.011593618727571264,0.07349042023311093,0.08402831290396302,0.008063214196276551,0.09390529308347553,0.16723628600220983,0.22781694789436918,1,0.20072277416164733,0.010612762973102466,0.05132197641423544,0.03539818258974451,0.13344802735431474,0.04735017342939755,0.35553200570974086,0.05538571689741212,0.07265381009548925,0.040151089857510036,0.0747811966017859],[0.5524035401550241,0.5936643955505714,0.24025779096715322,0.023750720443602515,0.4913927464764704,0.18688744480701194,0.10658106503156252,0.2966673423604282,0.20761428038351615,0.09892308548998292,0.1079034042554483,0.3730105603278154,0.01721275068870355,0.13608131432906387,0.24961671318911646,0.19935519137271387,0.20072277416164733,1,0.0031033771814739505,0.03659990345117349,0.1118909706335325,0.021517991903044955,0.043199946884111155,0.29310301139670186,0.04613193153581314,0.016703024238943938,0.05204948573009313,0.09285919918907543],[0.0042857803806236805,0.005971454077350471,0.01673117883047797,0.01516272446823586,0.009798785146437505,0.008984637082862679,0.015824968232057906,0.02319819031359962,0.041494101871342046,0.005959028994166895,0.007141995617541011,0.00963473651487732,0.00291695687611302,0.039297930062